Tempo    Pot Rx    Pot Turbina     Tmed   Delta I  Cboro  Banco D  Volume de Água


1       100.00     650.0          303.0      0.000        1800       210     0
4       100.00     650.0          303.3      0.154        1800       211     0
7       100.00     650.0          303.5      0.310        1800       212     0
10       100.00     650.0          303.8      0.467        1800       213     0
15       100.00     650.0          303.8      0.473        1800       213     0
20       100.00     650.0          303.8      0.479        1800       213     0
25       100.00     650.0          303.8      0.486        1800       213     0
30       100.00     650.0          303.8      0.492        1800       213     0
35       100.00     650.0          303.8      0.498        1800       213     0
40       100.00     650.0          303.8      0.503        1800       213     0
45       100.00     650.0          303.8      0.509        1800       213     0
50       100.00     650.0          303.8      0.515        1800       213     0
55       100.00     650.0          303.8      0.520        1800       213     0
60       100.00     650.0          303.8      0.526        1800       213     0
65       100.00     650.0          303.8      0.531        1800       213     0
70       100.00     650.0          303.8      0.536        1800       213     0
75       100.00     650.0          303.8      0.542        1800       213     0
80       100.00     650.0          303.8      0.547        1800       213     0
85       100.00     650.0          303.8      0.552        1800       213     0
90       100.00     650.0          303.8      0.557        1800       213     0
95       100.00     650.0          303.8      0.561        1800       213     0
100       100.00     650.0          303.8      0.566        1800       213     0
105       100.00     650.0          303.8      0.571        1800       213     0
110       100.00     650.0          303.8      0.576        1800       213     0
115       100.00     650.0          303.8      0.580        1800       213     0
120       100.00     650.0          303.8      0.584        1800       213     0
125       100.00     650.0          303.8      0.589        1800       213     0
130       100.00     650.0          303.7      0.593        1800       213     0
135       100.00     650.0          303.7      0.597        1800       213     0
140       100.00     650.0          303.7      0.602        1800       213     0
145       100.00     650.0          303.7      0.606        1800       213     0
150       100.00     650.0          303.7      0.610        1800       213     0
155       100.00     650.0          303.7      0.614        1800       213     0
160       100.00     650.0          303.7      0.618        1800       213     0
165       100.00     650.0          303.7      0.622        1800       213     0
170       100.00     650.0          303.7      0.626        1800       213     0
175       100.00     650.0          303.7      0.630        1800       213     0
180       100.00     650.0          303.7      0.633        1800       213     0
185       100.00     650.0          303.7      0.637        1800       213     0
190       100.00     650.0          303.7      0.641        1800       213     0
195       100.00     650.0          303.7      0.644        1800       213     0
200       100.00     650.0          303.7      0.648        1800       213     0
205       100.00     650.0          303.7      0.651        1800       213     0
210       100.00     650.0          303.7      0.655        1800       213     0
215       100.00     650.0          303.7      0.658        1800       213     0
220       100.00     650.0          303.7      0.662        1800       213     0
225       100.00     650.0          303.7      0.665        1800       213     0
230       100.00     650.0          303.7      0.669        1800       213     0
235       100.00     650.0          303.7      0.672        1800       213     0
240       100.00     650.0          303.7      0.675        1800       213     0
245       100.00     650.0          303.7      0.678        1800       213     0
250       100.00     650.0          303.7      0.682        1800       213     0
255       100.00     650.0          303.6      0.685        1800       213     0
260       100.00     650.0          303.6      0.688        1800       213     0
265       100.00     650.0          303.6      0.691        1800       213     0
270       100.00     650.0          303.6      0.694        1800       213     0
275       100.00     650.0          303.6      0.698        1800       213     0
280       100.00     650.0          303.6      0.701        1800       213     0
285       100.00     650.0          303.6      0.704        1800       213     0
290       100.00     650.0          303.6      0.707        1800       213     0
295       100.00     650.0          303.6      0.710        1800       213     0
300       100.00     650.0          303.6      0.713        1800       213     0
305       100.00     650.0          303.6      0.716        1800       213     0
310       100.00     650.0          303.6      0.719        1800       213     0
315       100.00     650.0          303.6      0.722        1800       213     0
320       100.00     650.0          303.6      0.725        1800       213     0
325       100.00     650.0          303.6      0.728        1800       213     0
330       100.00     650.0          303.6      0.731        1800       213     0
335       100.00     650.0          303.6      0.734        1800       213     0
340       100.00     650.0          303.6      0.737        1800       213     0
345       100.00     650.0          303.6      0.739        1800       213     0
350       100.00     650.0          303.6      0.742        1800       213     0
355       100.00     650.0          303.6      0.745        1800       213     0
360       100.00     650.0          303.6      0.748        1800       213     0
365       100.00     650.0          303.6      0.751        1800       213     0
370       100.00     650.0          303.6      0.754        1800       213     0
375       100.00     650.0          303.6      0.757        1800       213     0
380       100.00     650.0          303.5      0.759        1800       213     0
381       100.00     650.0          303.5      0.759        1800       213     0
382       100.00     650.0          303.5      0.759        1800       213     0
383       100.00     650.0          303.5      0.759        1800       213     0
384       100.00     650.0          303.5      0.759        1800       213     0
385       100.00     650.0          303.5      0.759        1800       213     0
386       100.00     650.0          303.5      0.759        1800       213     0
387       100.00     650.0          303.5      0.758        1800       213     0
388       100.00     650.0          303.5      0.758        1800       213     0
389       100.00     650.0          303.5      0.758        1800       213     0
390       100.00     650.0          303.5      0.758        1800       213     0
391       100.00     650.0          303.5      0.758        1800       213     0
392       100.00     650.0          303.5      0.758        1800       213     0
393       100.00     650.0          303.5      0.758        1800       213     0
394       100.00     650.0          303.5      0.757        1800       213     0
395       100.00     650.0          303.5      0.757        1800       213     0
396       100.00     650.0          303.5      0.757        1800       213     0
397       100.00     650.0          303.5      0.757        1800       213     0
398       100.00     650.0          303.5      0.757        1800       213     0
399       100.00     650.0          303.5      0.757        1800       213     0
400       100.00     650.0          303.5      0.757        1800       213     0
401       100.00     650.0          303.5      0.756        1800       213     0
402       100.00     650.0          303.5      0.756        1800       213     0
403       100.00     650.0          303.5      0.756        1800       213     0
404       100.00     650.0          303.5      0.756        1800       213     0
405       100.00     650.0          303.5      0.756        1800       213     0
406       100.00     650.0          303.5      0.756        1800       213     0
407       100.00     650.0          303.5      0.755        1800       213     0
408       100.00     650.0          303.5      0.755        1800       213     0
409       100.00     650.0          303.5      0.755        1800       213     0
410       100.00     650.0          303.5      0.755        1800       213     0
411       100.00     650.0          303.5      0.755        1800       213     0
412       100.00     650.0          303.5      0.755        1800       213     0
413       100.00     650.0          303.5      0.755        1800       213     0
414       100.00     650.0          303.5      0.754        1800       213     0
415       100.00     650.0          303.5      0.754        1800       213     0
416       100.00     650.0          303.5      0.754        1800       213     0
417       100.00     650.0          303.5      0.754        1800       213     0
418       100.00     650.0          303.5      0.754        1800       213     0
419       100.00     650.0          303.5      0.754        1800       213     0
420       100.00     650.0          303.5      0.754        1800       213     0
421       100.00     650.0          303.5      0.753        1800       213     0
422       100.00     650.0          303.5      0.753        1800       213     0
423       100.00     650.0          303.5      0.753        1800       213     0
424       100.00     650.0          303.5      0.753        1800       213     0
425       100.00     650.0          303.5      0.753        1800       213     0
426       100.00     650.0          303.5      0.753        1800       213     0
427       100.00     650.0          303.5      0.753        1800       213     0
428       100.00     650.0          303.5      0.752        1800       213     0
429       100.00     650.0          303.5      0.752        1800       213     0
430       100.00     650.0          303.5      0.752        1800       213     0
431       100.00     650.0          303.5      0.752        1800       213     0
432       100.00     650.0          303.5      0.752        1800       213     0
433       100.00     650.0          303.5      0.752        1800       213     0
434       100.00     650.0          303.5      0.751        1800       213     0
435       100.00     650.0          303.5      0.751        1800       213     0
436       100.00     650.0          303.5      0.751        1800       213     0
437       100.00     650.0          303.5      0.751        1800       213     0
438       100.00     650.0          303.5      0.751        1800       213     0
439       100.00     650.0          303.5      0.751        1800       213     0
440       100.00     650.0          303.5      0.751        1800       213     0
441       100.00     650.0          303.5      0.750        1800       213     0
442       100.00     650.0          303.5      0.750        1800       213     0
443       100.00     650.0          303.5      0.750        1800       213     0
444       100.00     650.0          303.5      0.750        1800       213     0
445       100.00     650.0          303.5      0.750        1800       213     0
446       100.00     650.0          303.5      0.750        1800       213     0
447       100.00     650.0          303.5      0.750        1800       213     0
448       100.00     650.0          303.5      0.749        1800       213     0
449       100.00     650.0          303.5      0.749        1800       213     0
450       100.00     650.0          303.5      0.749        1800       213     0
451       100.00     650.0          303.5      0.749        1800       213     0
452       100.00     650.0          303.5      0.749        1800       213     0
453       100.00     650.0          303.5      0.749        1800       213     0
454       100.00     650.0          303.5      0.749        1800       213     0
455       100.00     650.0          303.5      0.748        1800       213     0
456       100.00     650.0          303.5      0.748        1800       213     0
457       100.00     650.0          303.5      0.748        1800       213     0
458       100.00     650.0          303.5      0.748        1800       213     0
459       100.00     650.0          303.5      0.748        1800       213     0
460       100.00     650.0          303.5      0.748        1800       213     0
461       100.00     650.0          303.5      0.748        1800       213     0
462       100.00     650.0          303.5      0.747        1800       213     0
463       100.00     650.0          303.5      0.747        1800       213     0
464       100.00     650.0          303.5      0.747        1800       213     0
465       100.00     650.0          303.5      0.747        1800       213     0
466       100.00     650.0          303.5      0.747        1800       213     0
467       100.00     650.0          303.5      0.747        1800       213     0
468       100.00     650.0          303.5      0.747        1800       213     0
469       100.00     650.0          303.5      0.746        1800       213     0
470       100.00     650.0          303.5      0.746        1800       213     0
471       100.00     650.0          303.5      0.746        1800       213     0
472       100.00     650.0          303.5      0.746        1800       213     0
473       100.00     650.0          303.5      0.746        1800       213     0
474       100.00     650.0          303.5      0.746        1800       213     0
475       100.00     650.0          303.5      0.746        1800       213     0
476       100.00     650.0          303.5      0.746        1800       213     0
477       100.00     650.0          303.5      0.745        1800       213     0
478       100.00     650.0          303.5      0.745        1800       213     0
479       100.00     650.0          303.5      0.745        1800       213     0
480       100.00     650.0          303.5      0.745        1800       213     0
481       100.00     650.0          303.5      0.745        1800       213     0
482       100.00     650.0          303.5      0.745        1800       213     0
483       100.00     650.0          303.5      0.745        1800       213     0
484       100.00     650.0          303.5      0.744        1800       213     0
485       100.00     650.0          303.5      0.744        1800       213     0
486       100.00     650.0          303.5      0.744        1800       213     0
487       100.00     650.0          303.5      0.744        1800       213     0
488       100.00     650.0          303.5      0.744        1800       213     0
489       100.00     650.0          303.5      0.744        1800       213     0
490       100.00     650.0          303.5      0.744        1800       213     0
491       100.00     650.0          303.5      0.743        1800       213     0
492       100.00     650.0          303.5      0.743        1800       213     0
493       100.00     650.0          303.5      0.743        1800       213     0
494       100.00     650.0          303.5      0.743        1800       213     0
495       100.00     650.0          303.5      0.743        1800       213     0
496       100.00     650.0          303.5      0.743        1800       213     0
497       100.00     650.0          303.5      0.743        1800       213     0
498       100.00     650.0          303.5      0.742        1800       213     0
499       100.00     650.0          303.5      0.742        1800       213     0
500       100.00     650.0          303.5      0.742        1800       213     0
501       100.00     650.0          303.5      0.742        1800       213     0
502       100.00     650.0          303.5      0.742        1800       213     0
503       100.00     650.0          303.5      0.742        1800       213     0
504       100.00     650.0          303.4      0.742        1800       213     0
505       100.00     650.0          303.4      0.742        1800       213     0
506       100.00     650.0          303.4      0.741        1800       213     0
507       100.00     650.0          303.4      0.741        1800       213     0
508       100.00     650.0          303.4      0.741        1800       213     0
509       100.00     650.0          303.4      0.741        1800       213     0
510       100.00     650.0          303.4      0.741        1800       213     0
511       100.00     650.0          303.4      0.741        1800       213     0
512       100.00     650.0          303.4      0.741        1800       213     0
513       100.00     650.0          303.4      0.740        1800       213     0
514       100.00     650.0          303.4      0.740        1800       213     0
515       100.00     650.0          303.4      0.740        1800       213     0
516       100.00     650.0          303.4      0.740        1800       213     0
517       100.00     650.0          303.4      0.740        1800       213     0
518       100.00     650.0          303.4      0.740        1800       213     0
519       100.00     650.0          303.4      0.740        1800       213     0
520       100.00     650.0          303.4      0.739        1800       213     0
521       100.00     650.0          303.4      0.739        1800       213     0
522       100.00     650.0          303.4      0.739        1800       213     0
523       100.00     650.0          303.4      0.739        1800       213     0
524       100.00     650.0          303.4      0.739        1800       213     0
525       100.00     650.0          303.4      0.739        1800       213     0
526       100.00     650.0          303.4      0.739        1800       213     0
527       100.00     650.0          303.4      0.739        1800       213     0
528       100.00     650.0          303.4      0.738        1800       213     0
529       100.00     650.0          303.4      0.738        1800       213     0
530       100.00     650.0          303.4      0.738        1800       213     0
531       100.00     650.0          303.4      0.738        1800       213     0
532       100.00     650.0          303.4      0.738        1800       213     0
533       100.00     650.0          303.4      0.738        1800       213     0
534       100.00     650.0          303.4      0.738        1800       213     0
535       100.00     650.0          303.4      0.737        1800       213     0
536       100.00     650.0          303.4      0.737        1800       213     0
537       100.00     650.0          303.4      0.737        1800       213     0
538       100.00     650.0          303.4      0.737        1800       213     0
539       100.00     650.0          303.4      0.737        1800       213     0
540       100.00     650.0          303.4      0.737        1800       213     0
541       100.00     650.0          303.4      0.737        1800       213     0
542       100.00     650.0          303.4      0.737        1800       213     0
543       100.00     650.0          303.4      0.736        1800       213     0
544       100.00     650.0          303.4      0.736        1800       213     0
545       100.00     650.0          303.4      0.736        1800       213     0
546       100.00     650.0          303.4      0.736        1800       213     0
547       100.00     650.0          303.4      0.736        1800       213     0
548       100.00     650.0          303.4      0.736        1800       213     0
549       100.00     650.0          303.4      0.736        1800       213     0
550       100.00     650.0          303.4      0.735        1800       213     0
551       100.00     650.0          303.4      0.735        1800       213     0
552       100.00     650.0          303.4      0.735        1800       213     0
553       100.00     650.0          303.4      0.735        1800       213     0
554       100.00     650.0          303.4      0.735        1800       213     0
555       100.00     650.0          303.4      0.735        1800       213     0
556       100.00     650.0          303.4      0.735        1800       213     0
557       100.00     650.0          303.4      0.735        1800       213     0
558       100.00     650.0          303.4      0.734        1800       213     0
559       100.00     650.0          303.4      0.734        1800       213     0
560       100.00     650.0          303.4      0.734        1800       213     0
561       100.00     650.0          303.4      0.734        1800       213     0
562       100.00     650.0          303.4      0.734        1800       213     0
563       100.00     650.0          303.4      0.734        1800       213     0
564       100.00     650.0          303.4      0.734        1800       213     0
565       100.00     650.0          303.4      0.734        1800       213     0
566       100.00     650.0          303.4      0.733        1800       213     0
567       100.00     650.0          303.4      0.733        1800       213     0
568       100.00     650.0          303.4      0.733        1800       213     0
569       100.00     650.0          303.4      0.733        1800       213     0
570       100.00     650.0          303.4      0.733        1800       213     0
571       100.00     650.0          303.4      0.733        1800       213     0
572       100.00     650.0          303.4      0.733        1800       213     0
573       100.00     650.0          303.4      0.733        1800       213     0
574       100.00     650.0          303.4      0.732        1800       213     0
575       100.00     650.0          303.4      0.732        1800       213     0
576       100.00     650.0          303.4      0.732        1800       213     0
577       100.00     650.0          303.4      0.732        1800       213     0
578       100.00     650.0          303.4      0.732        1800       213     0
579       100.00     650.0          303.4      0.732        1800       213     0
580       100.00     650.0          303.4      0.732        1800       213     0
581       100.00     650.0          303.4      0.732        1800       213     0
582       100.00     650.0          303.4      0.732        1800       213     0
583       100.00     650.0          303.4      0.731        1800       213     0
584       100.00     650.0          303.4      0.731        1800       213     0
585       100.00     650.0          303.4      0.731        1800       213     0
586       100.00     650.0          303.4      0.731        1800       213     0
587       100.00     650.0          303.4      0.731        1800       213     0
588       100.00     650.0          303.4      0.731        1800       213     0
589       100.00     650.0          303.4      0.731        1800       213     0
590       100.00     650.0          303.4      0.731        1800       213     0
591       100.00     650.0          303.4      0.730        1800       213     0
592       100.00     650.0          303.4      0.730        1800       213     0
593       100.00     650.0          303.4      0.730        1800       213     0
594       100.00     650.0          303.4      0.730        1800       213     0
595       100.00     650.0          303.4      0.730        1800       213     0
596       100.00     650.0          303.4      0.730        1800       213     0
597       100.00     650.0          303.4      0.730        1800       213     0
598       100.00     650.0          303.4      0.730        1800       213     0
599       100.00     650.0          303.4      0.729        1800       213     0
600       100.00     650.0          303.4      0.729        1800       213     0
601       100.00     650.0          303.4      0.729        1800       213     0
602       100.00     650.0          303.4      0.729        1800       213     0
603       100.00     650.0          303.4      0.729        1800       213     0
604       100.00     650.0          303.4      0.729        1800       213     0
605       100.00     650.0          303.4      0.729        1800       213     0
606       100.00     650.0          303.4      0.729        1800       213     0
607       100.00     650.0          303.4      0.728        1800       213     0
608       100.00     650.0          303.4      0.728        1800       213     0
609       100.00     650.0          303.4      0.728        1800       213     0
610       100.00     650.0          303.4      0.728        1800       213     0
611       100.00     650.0          303.4      0.728        1800       213     0
612       100.00     650.0          303.4      0.728        1800       213     0
613       100.00     650.0          303.4      0.728        1800       213     0
614       100.00     650.0          303.4      0.728        1800       213     0
615       100.00     650.0          303.4      0.728        1800       213     0
616       100.00     650.0          303.4      0.727        1800       213     0
617       100.00     650.0          303.4      0.727        1800       213     0
618       100.00     650.0          303.4      0.727        1800       213     0
619       100.00     650.0          303.4      0.727        1800       213     0
620       100.00     650.0          303.4      0.727        1800       213     0
621       100.00     650.0          303.4      0.727        1800       213     0
622       100.00     650.0          303.4      0.727        1800       213     0
623       100.00     650.0          303.4      0.727        1800       213     0
624       100.00     650.0          303.4      0.726        1800       213     0
625       100.00     650.0          303.4      0.726        1800       213     0
626       100.00     650.0          303.4      0.726        1800       213     0
627       100.00     650.0          303.4      0.726        1800       213     0
628       100.00     650.0          303.4      0.726        1800       213     0
629       100.00     650.0          303.4      0.726        1800       213     0
630       100.00     650.0          303.3      0.726        1800       213     0
631       100.00     650.0          303.3      0.726        1800       213     0
632       100.00     650.0          303.3      0.726        1800       213     0
633       100.00     650.0          303.3      0.725        1800       213     0
634       100.00     650.0          303.3      0.725        1800       213     0
635       100.00     650.0          303.3      0.725        1800       213     0
636       100.00     650.0          303.3      0.725        1800       213     0
637       100.00     650.0          303.3      0.725        1800       213     0
638       100.00     650.0          303.3      0.725        1800       213     0
639       100.00     650.0          303.3      0.725        1800       213     0
640       100.00     650.0          303.3      0.725        1800       213     0
641       100.00     650.0          303.3      0.725        1800       213     0
642       100.00     650.0          303.3      0.724        1800       213     0
643       100.00     650.0          303.3      0.724        1800       213     0
644       100.00     650.0          303.3      0.724        1800       213     0
645       100.00     650.0          303.3      0.724        1800       213     0
646       100.00     650.0          303.3      0.724        1800       213     0
647       100.00     650.0          303.3      0.724        1800       213     0
648       100.00     650.0          303.3      0.724        1800       213     0
649       100.00     650.0          303.3      0.724        1800       213     0
650       100.00     650.0          303.3      0.724        1800       213     0
651       100.00     650.0          303.3      0.723        1800       213     0
652       100.00     650.0          303.3      0.723        1800       213     0
653       100.00     650.0          303.3      0.723        1800       213     0
654       100.00     650.0          303.3      0.723        1800       213     0
655       100.00     650.0          303.3      0.723        1800       213     0
656       100.00     650.0          303.3      0.723        1800       213     0
657       100.00     650.0          303.3      0.723        1800       213     0
658       100.00     650.0          303.3      0.723        1800       213     0
659       100.00     650.0          303.3      0.723        1800       213     0
660       100.00     650.0          303.3      0.723        1800       213     0
661       100.00     650.0          303.3      0.722        1800       213     0
662       100.00     650.0          303.3      0.722        1800       213     0
663       100.00     650.0          303.3      0.722        1800       213     0
664       100.00     650.0          303.3      0.722        1800       213     0
665       100.00     650.0          303.3      0.722        1800       213     0
666       100.00     650.0          303.3      0.722        1800       213     0
667       100.00     650.0          303.3      0.722        1800       213     0
668       100.00     650.0          303.3      0.722        1800       213     0
669       100.00     650.0          303.3      0.722        1800       213     0
670       100.00     650.0          303.3      0.721        1800       213     0
671       100.00     650.0          303.3      0.721        1800       213     0
672       100.00     650.0          303.3      0.721        1800       213     0
673       100.00     650.0          303.3      0.721        1800       213     0
674       100.00     650.0          303.3      0.721        1800       213     0
675       100.00     650.0          303.3      0.721        1800       213     0
676       100.00     650.0          303.3      0.721        1800       213     0
677       100.00     650.0          303.3      0.721        1800       213     0
678       100.00     650.0          303.3      0.721        1800       213     0
679       100.00     650.0          303.3      0.721        1800       213     0
680       100.00     650.0          303.3      0.721        1800       213     0
681       100.00     650.0          303.3      0.720        1800       213     0
682       100.00     650.0          303.3      0.720        1800       213     0
683       100.00     650.0          303.3      0.720        1800       213     0
684       100.00     650.0          303.3      0.720        1800       213     0
685       100.00     650.0          303.3      0.720        1800       213     0
686       100.00     650.0          303.3      0.720        1800       213     0
687       100.00     650.0          303.3      0.720        1800       213     0
688       100.00     650.0          303.3      0.720        1800       213     0
689       100.00     650.0          303.3      0.720        1800       213     0
690       100.00     650.0          303.3      0.720        1800       213     0
691       100.00     650.0          303.3      0.719        1800       213     0
692       100.00     650.0          303.3      0.719        1800       213     0
693       100.00     650.0          303.3      0.719        1800       213     0
694       100.00     650.0          303.3      0.719        1800       213     0
695       100.00     650.0          303.3      0.719        1800       213     0
696       100.00     650.0          303.3      0.719        1800       213     0
697       100.00     650.0          303.3      0.719        1800       213     0
698       100.00     650.0          303.3      0.719        1800       213     0
699       100.00     650.0          303.3      0.719        1800       213     0
700       100.00     650.0          303.3      0.719        1800       213     0
701       100.00     650.0          303.3      0.719        1800       213     0
702       100.00     650.0          303.3      0.718        1800       213     0
703       100.00     650.0          303.3      0.718        1800       213     0
704       100.00     650.0          303.3      0.718        1800       213     0
705       100.00     650.0          303.3      0.718        1800       213     0
706       100.00     650.0          303.3      0.718        1800       213     0
707       100.00     650.0          303.3      0.718        1800       213     0
708       100.00     650.0          303.3      0.718        1800       213     0
709       100.00     650.0          303.3      0.718        1800       213     0
710       100.00     650.0          303.3      0.718        1800       213     0
711       100.00     650.0          303.3      0.718        1800       213     0
712       100.00     650.0          303.3      0.718        1800       213     0
713       100.00     650.0          303.3      0.717        1800       213     0
714       100.00     650.0          303.3      0.717        1800       213     0
715       100.00     650.0          303.3      0.717        1800       213     0
716       100.00     650.0          303.3      0.717        1800       213     0
717       100.00     650.0          303.3      0.717        1800       213     0
718       100.00     650.0          303.3      0.717        1800       213     0
719       100.00     650.0          303.3      0.717        1800       213     0
720       100.00     650.0          303.3      0.717        1800       213     0
721       100.00     650.0          303.3      0.717        1800       213     0
722       100.00     650.0          303.3      0.717        1800       213     0
723       100.00     650.0          303.3      0.717        1800       213     0
724       100.00     650.0          303.3      0.716        1800       213     0
725       100.00     650.0          303.3      0.716        1800       213     0
726       100.00     650.0          303.3      0.716        1800       213     0
727       100.00     650.0          303.3      0.716        1800       213     0
728       100.00     650.0          303.3      0.716        1800       213     0
729       100.00     650.0          303.3      0.716        1800       213     0
730       100.00     650.0          303.3      0.716        1800       213     0
731       100.00     650.0          303.3      0.716        1800       213     0
732       100.00     650.0          303.3      0.716        1800       213     0
733       100.00     650.0          303.3      0.716        1800       213     0
734       100.00     650.0          303.3      0.716        1800       213     0
735       100.00     650.0          303.3      0.715        1800       213     0
736       100.00     650.0          303.3      0.715        1800       213     0
737       100.00     650.0          303.3      0.715        1800       213     0
738       100.00     650.0          303.3      0.715        1800       213     0
739       100.00     650.0          303.3      0.715        1800       213     0
740       100.00     650.0          303.3      0.715        1800       213     0
741       100.00     650.0          303.3      0.715        1800       213     0
742       100.00     650.0          303.3      0.715        1800       213     0
743       100.00     650.0          303.3      0.715        1800       213     0
744       100.00     650.0          303.3      0.715        1800       213     0
745       100.00     650.0          303.3      0.715        1800       213     0
746       100.00     650.0          303.3      0.714        1800       213     0
747       100.00     650.0          303.3      0.714        1800       213     0
748       100.00     650.0          303.3      0.714        1800       213     0
749       100.00     650.0          303.3      0.714        1800       213     0
750       100.00     650.0          303.3      0.714        1800       213     0
751       100.00     650.0          303.3      0.714        1800       213     0
752       100.00     650.0          303.3      0.714        1800       213     0
753       100.00     650.0          303.3      0.714        1800       213     0
754       100.00     650.0          303.3      0.714        1800       213     0
755       100.00     650.0          303.3      0.714        1800       213     0
756       100.00     650.0          303.2      0.714        1800       213     0
757       100.00     650.0          303.2      0.713        1800       213     0
758       100.00     650.0          303.2      0.713        1800       213     0
759       100.00     650.0          303.2      0.713        1800       213     0
760       100.00     650.0          303.2      0.713        1800       213     0
761       100.00     650.0          303.2      0.713        1800       213     0
762       100.00     650.0          303.2      0.713        1800       213     0
763       100.00     650.0          303.2      0.713        1800       213     0
764       100.00     650.0          303.2      0.713        1800       213     0
765       100.00     650.0          303.2      0.713        1800       213     0
766       100.00     650.0          303.2      0.713        1800       213     0
767       100.00     650.0          303.2      0.713        1800       213     0
768       100.00     650.0          303.2      0.713        1800       213     0
769       100.00     650.0          303.2      0.712        1800       213     0
770       100.00     650.0          303.2      0.712        1800       213     0
771       100.00     650.0          303.2      0.712        1800       213     0
772       100.00     650.0          303.2      0.712        1800       213     0
773       100.00     650.0          303.2      0.712        1800       213     0
774       100.00     650.0          303.2      0.712        1800       213     0
775       100.00     650.0          303.2      0.712        1800       213     0
776       100.00     650.0          303.2      0.712        1800       213     0
777       100.00     650.0          303.2      0.712        1800       213     0
778       100.00     650.0          303.2      0.712        1800       213     0
779       100.00     650.0          303.2      0.712        1800       213     0
780       100.00     650.0          303.2      0.712        1800       213     0
781       100.00     650.0          303.2      0.711        1800       213     0
782       100.00     650.0          303.2      0.711        1800       213     0
783       100.00     650.0          303.2      0.711        1800       213     0
784       100.00     650.0          303.2      0.711        1800       213     0
785       100.00     650.0          303.2      0.711        1800       213     0
786       100.00     650.0          303.2      0.711        1800       213     0
787       100.00     650.0          303.2      0.711        1800       213     0
788       100.00     650.0          303.2      0.711        1800       213     0
789       100.00     650.0          303.2      0.711        1800       213     0
790       100.00     650.0          303.2      0.711        1800       213     0
791       100.00     650.0          303.2      0.711        1800       213     0
792       100.00     650.0          303.2      0.711        1800       213     0
793       100.00     650.0          303.2      0.711        1800       213     0
794       100.00     650.0          303.2      0.710        1800       213     0
795       100.00     650.0          303.2      0.710        1800       213     0
796       100.00     650.0          303.2      0.710        1800       213     0
797       100.00     650.0          303.2      0.710        1800       213     0
798       100.00     650.0          303.2      0.710        1800       213     0
799       100.00     650.0          303.2      0.710        1800       213     0
800       100.00     650.0          303.2      0.710        1800       213     0
801       100.00     650.0          303.2      0.710        1800       213     0
802       100.00     650.0          303.2      0.710        1800       213     0
803       100.00     650.0          303.2      0.710        1800       213     0
804       100.00     650.0          303.2      0.710        1800       213     0
805       100.00     650.0          303.2      0.710        1800       213     0
806       100.00     650.0          303.2      0.710        1800       213     0
807       100.00     650.0          303.2      0.709        1800       213     0
808       100.00     650.0          303.2      0.709        1800       213     0
809       100.00     650.0          303.2      0.709        1800       213     0
810       100.00     650.0          303.2      0.709        1800       213     0
811       100.00     650.0          303.2      0.709        1800       213     0
812       100.00     650.0          303.2      0.709        1800       213     0
813       100.00     650.0          303.2      0.709        1800       213     0
814       100.00     650.0          303.2      0.709        1800       213     0
815       100.00     650.0          303.2      0.709        1800       213     0
816       100.00     650.0          303.2      0.709        1800       213     0
817       100.00     650.0          303.2      0.709        1800       213     0
818       100.00     650.0          303.2      0.709        1800       213     0
819       100.00     650.0          303.2      0.709        1800       213     0
820       100.00     650.0          303.2      0.708        1800       213     0
821       100.00     650.0          303.2      0.708        1800       213     0
822       100.00     650.0          303.2      0.708        1800       213     0
823       100.00     650.0          303.2      0.708        1800       213     0
824       100.00     650.0          303.2      0.708        1800       213     0
825       100.00     650.0          303.2      0.708        1800       213     0
826       100.00     650.0          303.2      0.708        1800       213     0
827       100.00     650.0          303.2      0.708        1800       213     0
828       100.00     650.0          303.2      0.708        1800       213     0
829       100.00     650.0          303.2      0.708        1800       213     0
830       100.00     650.0          303.2      0.708        1800       213     0
831       100.00     650.0          303.2      0.708        1800       213     0
832       100.00     650.0          303.2      0.708        1800       213     0
833       100.00     650.0          303.2      0.707        1800       213     0
834       100.00     650.0          303.2      0.707        1800       213     0
835       100.00     650.0          303.2      0.707        1800       213     0
836       100.00     650.0          303.2      0.707        1800       213     0
837       100.00     650.0          303.2      0.707        1800       213     0
838       100.00     650.0          303.2      0.707        1800       213     0
839       100.00     650.0          303.2      0.707        1800       213     0
840       100.00     650.0          303.2      0.707        1800       213     0
841       100.00     650.0          303.2      0.707        1800       213     0
842       100.00     650.0          303.2      0.707        1800       213     0
843       100.00     650.0          303.2      0.707        1800       213     0
844       100.00     650.0          303.2      0.707        1800       213     0
845       100.00     650.0          303.2      0.707        1800       213     0
846       100.00     650.0          303.2      0.706        1800       213     0
847       100.00     650.0          303.2      0.706        1800       213     0
848       100.00     650.0          303.2      0.706        1800       213     0
849       100.00     650.0          303.2      0.706        1800       213     0
850       100.00     650.0          303.2      0.706        1800       213     0
851       100.00     650.0          303.2      0.706        1800       213     0
852       100.00     650.0          303.2      0.706        1800       213     0
853       100.00     650.0          303.2      0.706        1800       213     0
854       100.00     650.0          303.2      0.706        1800       213     0
855       100.00     650.0          303.2      0.706        1800       213     0
856       100.00     650.0          303.2      0.706        1800       213     0
857       100.00     650.0          303.2      0.706        1800       213     0
858       100.00     650.0          303.2      0.706        1800       213     0
859       100.00     650.0          303.2      0.706        1800       213     0
860       100.00     650.0          303.2      0.705        1800       213     0
861       100.00     650.0          303.2      0.705        1800       213     0
862       100.00     650.0          303.2      0.705        1800       213     0
863       100.00     650.0          303.2      0.705        1800       213     0
864       100.00     650.0          303.2      0.705        1800       213     0
865       100.00     650.0          303.2      0.705        1800       213     0
866       100.00     650.0          303.2      0.705        1800       213     0
867       100.00     650.0          303.2      0.705        1800       213     0
868       100.00     650.0          303.2      0.705        1800       213     0
869       100.00     650.0          303.2      0.705        1800       213     0
870       100.00     650.0          303.2      0.705        1800       213     0
871       100.00     650.0          303.2      0.705        1800       213     0
872       100.00     650.0          303.2      0.705        1800       213     0
873       100.00     650.0          303.2      0.705        1800       213     0
874       100.00     650.0          303.2      0.704        1800       213     0
875       100.00     650.0          303.2      0.704        1800       213     0
876       100.00     650.0          303.2      0.704        1800       213     0
877       100.00     650.0          303.2      0.704        1800       213     0
878       100.00     650.0          303.2      0.704        1800       213     0
879       100.00     650.0          303.2      0.704        1800       213     0
880       100.00     650.0          303.2      0.704        1800       213     0
881       100.00     650.0          303.2      0.704        1800       213     0
882       100.00     650.0          303.1      0.704        1800       213     0
883       100.00     650.0          303.1      0.704        1800       213     0
884       100.00     650.0          303.1      0.704        1800       213     0
885       100.00     650.0          303.1      0.704        1800       213     0
886       100.00     650.0          303.1      0.704        1800       213     0
887       100.00     650.0          303.1      0.704        1800       213     0
888       100.00     650.0          303.1      0.704        1800       213     0
889       100.00     650.0          303.1      0.703        1800       213     0
890       100.00     650.0          303.1      0.703        1800       213     0
891       100.00     650.0          303.1      0.703        1800       213     0
892       100.00     650.0          303.1      0.703        1800       213     0
893       100.00     650.0          303.1      0.703        1800       213     0
894       100.00     650.0          303.1      0.703        1800       213     0
895       100.00     650.0          303.1      0.703        1800       213     0
896       100.00     650.0          303.1      0.703        1800       213     0
897       100.00     650.0          303.1      0.703        1800       213     0
898       100.00     650.0          303.1      0.703        1800       213     0
899       100.00     650.0          303.1      0.703        1800       213     0
900       100.00     650.0          303.1      0.703        1800       213     0
901       100.00     650.0          303.1      0.703        1800       213     0
902       100.00     650.0          303.1      0.703        1800       213     0
903       100.00     650.0          303.1      0.703        1800       213     0
904       100.00     650.0          303.1      0.702        1800       213     0
905       100.00     650.0          303.1      0.702        1800       213     0
906       100.00     650.0          303.1      0.702        1800       213     0
907       100.00     650.0          303.1      0.702        1800       213     0
908       100.00     650.0          303.1      0.702        1800       213     0
909       100.00     650.0          303.1      0.702        1800       213     0
910       100.00     650.0          303.1      0.702        1800       213     0
911       100.00     650.0          303.1      0.702        1800       213     0
912       100.00     650.0          303.1      0.702        1800       213     0
913       100.00     650.0          303.1      0.702        1800       213     0
914       100.00     650.0          303.1      0.702        1800       213     0
915       100.00     650.0          303.1      0.702        1800       213     0
916       100.00     650.0          303.1      0.702        1800       213     0
917       100.00     650.0          303.1      0.702        1800       213     0
918       100.00     650.0          303.1      0.702        1800       213     0
919       100.00     650.0          303.1      0.702        1800       213     0
920       100.00     650.0          303.1      0.702        1800       213     0
921       100.00     650.0          303.1      0.701        1800       213     0
922       100.00     650.0          303.1      0.701        1800       213     0
923       100.00     650.0          303.1      0.701        1800       213     0
924       100.00     650.0          303.1      0.701        1800       213     0
925       100.00     650.0          303.1      0.701        1800       213     0
926       100.00     650.0          303.1      0.701        1800       213     0
927       100.00     650.0          303.1      0.701        1800       213     0
928       100.00     650.0          303.1      0.701        1800       213     0
929       100.00     650.0          303.1      0.701        1800       213     0
930       100.00     650.0          303.1      0.701        1800       213     0
931       100.00     650.0          303.1      0.701        1800       213     0
932       100.00     650.0          303.1      0.701        1800       213     0
933       100.00     650.0          303.1      0.701        1800       213     0
934       100.00     650.0          303.1      0.701        1800       213     0
935       100.00     650.0          303.1      0.701        1800       213     0
936       100.00     650.0          303.1      0.701        1800       213     0
937       100.00     650.0          303.1      0.700        1800       213     0
938       100.00     650.0          303.1      0.700        1800       213     0
939       100.00     650.0          303.1      0.700        1800       213     0
940       100.00     650.0          303.1      0.700        1800       213     0
941       100.00     650.0          303.1      0.700        1800       213     0
942       100.00     650.0          303.1      0.700        1800       213     0
943       100.00     650.0          303.1      0.700        1800       213     0
944       100.00     650.0          303.1      0.700        1800       213     0
945       100.00     650.0          303.1      0.700        1800       213     0
946       100.00     650.0          303.1      0.700        1800       213     0
947       100.00     650.0          303.1      0.700        1800       213     0
948       100.00     650.0          303.1      0.700        1800       213     0
949       100.00     650.0          303.1      0.700        1800       213     0
950       100.00     650.0          303.1      0.700        1800       213     0
951       100.00     650.0          303.1      0.700        1800       213     0
952       100.00     650.0          303.1      0.700        1800       213     0
953       100.00     650.0          303.1      0.699        1800       213     0
954       100.00     650.0          303.1      0.699        1800       213     0
955       100.00     650.0          303.1      0.699        1800       213     0
956       100.00     650.0          303.1      0.699        1800       213     0
957       100.00     650.0          303.1      0.699        1800       213     0
958       100.00     650.0          303.1      0.699        1800       213     0
959       100.00     650.0          303.1      0.699        1800       213     0
960       100.00     650.0          303.1      0.699        1800       213     0
961       100.00     650.0          303.1      0.699        1800       213     0
962       100.00     650.0          303.1      0.699        1800       213     0
963       100.00     650.0          303.1      0.699        1800       213     0
964       100.00     650.0          303.1      0.699        1800       213     0
965       100.00     650.0          303.1      0.699        1800       213     0
966       100.00     650.0          303.1      0.699        1800       213     0
967       100.00     650.0          303.1      0.699        1800       213     0
968       100.00     650.0          303.1      0.699        1800       213     0
969       100.00     650.0          303.1      0.699        1800       213     0
970       100.00     650.0          303.1      0.698        1800       213     0
971       100.00     650.0          303.1      0.698        1800       213     0
972       100.00     650.0          303.1      0.698        1800       213     0
973       100.00     650.0          303.1      0.698        1800       213     0
974       100.00     650.0          303.1      0.698        1800       213     0
975       100.00     650.0          303.1      0.698        1800       213     0
976       100.00     650.0          303.1      0.698        1800       213     0
977       100.00     650.0          303.1      0.698        1800       213     0
978       100.00     650.0          303.1      0.698        1800       213     0
979       100.00     650.0          303.1      0.698        1800       213     0
980       100.00     650.0          303.1      0.698        1800       213     0
981       100.00     650.0          303.1      0.698        1800       213     0
982       100.00     650.0          303.1      0.698        1800       213     0
983       100.00     650.0          303.1      0.698        1800       213     0
984       100.00     650.0          303.1      0.698        1800       213     0
985       100.00     650.0          303.1      0.698        1800       213     0
986       100.00     650.0          303.1      0.697        1800       213     0
987       100.00     650.0          303.1      0.697        1800       213     0
988       100.00     650.0          303.1      0.697        1800       213     0
989       100.00     650.0          303.1      0.697        1800       213     0
990       100.00     650.0          303.1      0.697        1800       213     0
991       100.00     650.0          303.1      0.697        1800       213     0
992       100.00     650.0          303.1      0.697        1800       213     0
993       100.00     650.0          303.1      0.697        1800       213     0
994       100.00     650.0          303.1      0.697        1800       213     0
995       100.00     650.0          303.1      0.697        1800       213     0
996       100.00     650.0          303.1      0.697        1800       213     0
997       100.00     650.0          303.1      0.697        1800       213     0
998       100.00     650.0          303.1      0.697        1800       213     0
999       100.00     650.0          303.1      0.697        1800       213     0
1000       100.00     650.0          303.1      0.697        1800       213     0
1001       100.00     650.0          303.1      0.697        1800       213     0
1002       100.00     650.0          303.1      0.697        1800       213     0
1003       100.00     650.0          303.1      0.696        1800       213     0
1004       100.00     650.0          303.1      0.696        1800       213     0
1005       100.00     650.0          303.1      0.696        1800       213     0
1006       100.00     650.0          303.1      0.696        1800       213     0
1007       100.00     650.0          303.1      0.696        1800       213     0
1008       100.00     650.0          303.0      0.696        1800       213     0
1009       100.00     650.0          303.0      0.696        1800       213     0
1010       100.00     650.0          303.0      0.696        1800       213     0
1011       100.00     650.0          303.0      0.696        1800       213     0
1012       100.00     650.0          303.0      0.696        1800       213     0
1013       100.00     650.0          303.0      0.696        1800       213     0
1014       100.00     650.0          303.0      0.696        1800       213     0
1015       100.00     650.0          303.0      0.696        1800       213     0
1016       100.00     650.0          303.0      0.696        1800       213     0
1017       100.00     650.0          303.0      0.696        1800       213     0
1018       100.00     650.0          303.0      0.696        1800       213     0
1019       100.00     650.0          303.0      0.696        1800       213     0
1020       100.00     650.0          303.0      0.696        1800       213     0
1021       100.00     650.0          303.0      0.696        1800       213     0
1022       100.00     650.0          303.0      0.695        1800       213     0
1023       100.00     650.0          303.0      0.695        1800       213     0
1024       100.00     650.0          303.0      0.695        1800       213     0
1025       100.00     650.0          303.0      0.695        1800       213     0
1026       100.00     650.0          303.0      0.695        1800       213     0
1027       100.00     650.0          303.0      0.695        1800       213     0
1028       100.00     650.0          303.0      0.695        1800       213     0
1029       100.00     650.0          303.0      0.695        1800       213     0
1030       100.00     650.0          303.0      0.695        1800       213     0
1031       100.00     650.0          303.0      0.695        1800       213     0
1032       100.00     650.0          303.0      0.695        1800       213     0
1033       100.00     650.0          303.0      0.695        1800       213     0
1034       100.00     650.0          303.0      0.695        1800       213     0
1035       100.00     650.0          303.0      0.695        1800       213     0
1036       100.00     650.0          303.0      0.695        1800       213     0
1037       100.00     650.0          303.0      0.695        1800       213     0
1038       100.00     650.0          303.0      0.695        1800       213     0
1039       100.00     650.0          303.0      0.695        1800       213     0
1040       100.00     650.0          303.0      0.695        1800       213     0
1041       100.00     650.0          303.0      0.694        1800       213     0
1042       100.00     650.0          303.0      0.694        1800       213     0
1043       100.00     650.0          303.0      0.694        1800       213     0
1044       100.00     650.0          303.0      0.694        1800       213     0
1045       100.00     650.0          303.0      0.694        1800       213     0
1046       100.00     650.0          303.0      0.694        1800       213     0
1047       100.00     650.0          303.0      0.694        1800       213     0
1048       100.00     650.0          303.0      0.694        1800       213     0
1049       100.00     650.0          303.0      0.694        1800       213     0
1050       100.00     650.0          303.0      0.694        1800       213     0
1051       100.00     650.0          303.0      0.694        1800       213     0
1052       100.00     650.0          303.0      0.694        1800       213     0
1053       100.00     650.0          303.0      0.694        1800       213     0
1054       100.00     650.0          303.0      0.694        1800       213     0
1055       100.00     650.0          303.0      0.694        1800       213     0
1056       100.00     650.0          303.0      0.694        1800       213     0
1057       100.00     650.0          303.0      0.694        1800       213     0
1058       100.00     650.0          303.0      0.694        1800       213     0
1059       100.00     650.0          303.0      0.694        1800       213     0
1060       100.00     650.0          303.0      0.694        1800       213     0
1061       100.00     650.0          303.0      0.694        1800       213     0
1062       100.00     650.0          303.0      0.693        1800       213     0
1063       100.00     650.0          303.0      0.693        1800       213     0
1064       100.00     650.0          303.0      0.693        1800       213     0
1065       100.00     650.0          303.0      0.693        1800       213     0
1066       100.00     650.0          303.0      0.693        1800       213     0
1067       100.00     650.0          303.0      0.693        1800       213     0
1068       100.00     650.0          303.0      0.693        1800       213     0
1069       100.00     650.0          303.0      0.693        1800       213     0
1070       100.00     650.0          303.0      0.693        1800       213     0
1071       100.00     650.0          303.0      0.693        1800       213     0
1072       100.00     650.0          303.0      0.693        1800       213     0
1073       100.00     650.0          303.0      0.693        1800       213     0
1074       100.00     650.0          303.0      0.693        1800       213     0
1075       100.00     650.0          303.0      0.693        1800       213     0
1076       100.00     650.0          303.0      0.693        1800       213     0
1077       100.00     650.0          303.0      0.693        1800       213     0
1078       100.00     650.0          303.0      0.693        1800       213     0
1079       100.00     650.0          303.0      0.693        1800       213     0
1080       100.00     650.0          303.0      0.693        1800       213     0
1081       100.00     650.0          303.0      0.693        1800       213     0
1082       100.00     650.0          303.0      0.693        1800       213     0
1083       100.00     650.0          303.0      0.693        1800       213     0
1084       100.00     650.0          303.0      0.692        1800       213     0
1085       100.00     650.0          303.0      0.692        1800       213     0
1086       100.00     650.0          303.0      0.692        1800       213     0
1087       100.00     650.0          303.0      0.692        1800       213     0
1088       100.00     650.0          303.0      0.692        1800       213     0
1089       100.00     650.0          303.0      0.692        1800       213     0
1090       100.00     650.0          303.0      0.692        1800       213     0
1091       100.00     650.0          303.0      0.692        1800       213     0
1092       100.00     650.0          303.0      0.692        1800       213     0
1093       100.00     650.0          303.0      0.692        1800       213     0
1094       100.00     650.0          303.0      0.692        1800       213     0
1095       100.00     650.0          303.0      0.692        1800       213     0
1096       100.00     650.0          303.0      0.692        1800       213     0
1097       100.00     650.0          303.0      0.692        1800       213     0
1098       100.00     650.0          303.0      0.692        1800       213     0
1099       100.00     650.0          303.0      0.692        1800       213     0
1100       100.00     650.0          303.0      0.692        1800       213     0
1101       100.00     650.0          303.0      0.692        1800       213     0
1102       100.00     650.0          303.0      0.692        1800       213     0
1103       100.00     650.0          303.0      0.692        1800       213     0
1104       100.00     650.0          303.0      0.692        1800       213     0
1105       100.00     650.0          303.0      0.692        1800       213     0
1106       100.00     650.0          303.0      0.691        1800       213     0
1107       100.00     650.0          303.0      0.691        1800       213     0
1108       100.00     650.0          303.0      0.691        1800       213     0
1109       100.00     650.0          303.0      0.691        1800       213     0
1110       100.00     650.0          303.0      0.691        1800       213     0
1111       100.00     650.0          303.0      0.691        1800       213     0
1112       100.00     650.0          303.0      0.691        1800       213     0
1113       100.00     650.0          303.0      0.691        1800       213     0
1114       100.00     650.0          303.0      0.691        1800       213     0
1115       100.00     650.0          303.0      0.691        1800       213     0
1116       100.00     650.0          303.0      0.691        1800       213     0
1117       100.00     650.0          303.0      0.691        1800       213     0
1118       100.00     650.0          303.0      0.691        1800       213     0
1119       100.00     650.0          303.0      0.691        1800       213     0
1120       100.00     650.0          303.0      0.691        1800       213     0
1121       100.00     650.0          303.0      0.691        1800       213     0
1122       100.00     650.0          303.0      0.691        1800       213     0
1123       100.00     650.0          303.0      0.691        1800       213     0
1124       100.00     650.0          303.0      0.691        1800       213     0
1125       100.00     650.0          303.0      0.691        1800       213     0
1126       100.00     650.0          303.0      0.691        1800       213     0
1127       100.00     650.0          303.0      0.691        1800       213     0
1128       100.00     650.0          303.0      0.690        1800       213     0
1129       100.00     650.0          303.0      0.690        1800       213     0
1130       100.00     650.0          303.0      0.690        1800       213     0
1131       100.00     650.0          303.0      0.690        1800       213     0
1132       100.00     650.0          303.0      0.690        1800       213     0
1133       100.00     650.0          303.0      0.690        1800       213     0
1134       100.00     650.0          302.9      0.690        1800       213     0
1135       100.00     650.0          302.9      0.690        1800       213     0
1136       100.00     650.0          302.9      0.690        1800       213     0
1137       100.00     650.0          302.9      0.690        1800       213     0
1138       100.00     650.0          302.9      0.690        1800       213     0
1139       100.00     650.0          302.9      0.690        1800       213     0
1140       100.00     650.0          302.9      0.690        1800       213     0
1141       100.00     650.0          302.9      0.690        1800       213     0
1142       100.00     650.0          302.9      0.690        1800       213     0
1143       100.00     650.0          302.9      0.690        1800       213     0
1144       100.00     650.0          302.9      0.690        1800       213     0
1145       100.00     650.0          302.9      0.690        1800       213     0
1146       100.00     650.0          302.9      0.690        1800       213     0
1147       100.00     650.0          302.9      0.690        1800       213     0
1148       100.00     650.0          302.9      0.690        1800       213     0
1149       100.00     650.0          302.9      0.689        1800       213     0
1150       100.00     650.0          302.9      0.689        1800       213     0
1151       100.00     650.0          302.9      0.689        1800       213     0
1152       100.00     650.0          302.9      0.689        1800       213     0
1153       100.00     650.0          302.9      0.689        1800       213     0
1154       100.00     650.0          302.9      0.689        1800       213     0
1155       100.00     650.0          302.9      0.689        1800       213     0
1156       100.00     650.0          302.9      0.689        1800       213     0
1157       100.00     650.0          302.9      0.689        1800       213     0
1158       100.00     650.0          302.9      0.689        1800       213     0
1159       100.00     650.0          302.9      0.689        1800       213     0
1160       100.00     650.0          302.9      0.689        1800       213     0
1161       100.00     650.0          302.9      0.689        1800       213     0
1162       100.00     650.0          302.9      0.689        1800       213     0
1163       100.00     650.0          302.9      0.689        1800       213     0
1164       100.00     650.0          302.9      0.689        1800       213     0
1165       100.00     650.0          302.9      0.689        1800       213     0
1166       100.00     650.0          302.9      0.689        1800       213     0
1167       100.00     650.0          302.9      0.689        1800       213     0
1168       100.00     650.0          302.9      0.689        1800       213     0
1169       100.00     650.0          302.9      0.689        1800       213     0
1170       100.00     650.0          302.9      0.689        1800       213     0
1171       100.00     650.0          302.9      0.689        1800       213     0
1172       100.00     650.0          302.9      0.688        1800       213     0
1173       100.00     650.0          302.9      0.688        1800       213     0
1174       100.00     650.0          302.9      0.688        1800       213     0
1175       100.00     650.0          302.9      0.688        1800       213     0
1176       100.00     650.0          302.9      0.688        1800       213     0
1177       100.00     650.0          302.9      0.688        1800       213     0
1178       100.00     650.0          302.9      0.688        1800       213     0
1179       100.00     650.0          302.9      0.688        1800       213     0
1180       100.00     650.0          302.9      0.688        1800       213     0
1181       100.00     650.0          302.9      0.688        1800       213     0
1182       100.00     650.0          302.9      0.688        1800       213     0
1183       100.00     650.0          302.9      0.688        1800       213     0
1184       100.00     650.0          302.9      0.688        1800       213     0
1185       100.00     650.0          302.9      0.688        1800       213     0
1186       100.00     650.0          302.9      0.688        1800       213     0
1187       100.00     650.0          302.9      0.688        1800       213     0
1188       100.00     650.0          302.9      0.688        1800       213     0
1189       100.00     650.0          302.9      0.688        1800       213     0
1190       100.00     650.0          302.9      0.688        1800       213     0
1191       100.00     650.0          302.9      0.688        1800       213     0
1192       100.00     650.0          302.9      0.688        1800       213     0
1193       100.00     650.0          302.9      0.688        1800       213     0
1194       100.00     650.0          302.9      0.688        1800       213     0
1195       100.00     650.0          302.9      0.688        1800       213     0
1196       100.00     650.0          302.9      0.687        1800       213     0
1197       100.00     650.0          302.9      0.687        1800       213     0
1198       100.00     650.0          302.9      0.687        1800       213     0
1199       100.00     650.0          302.9      0.687        1800       213     0
1200       100.00     650.0          302.9      0.687        1800       213     0
1201       100.00     650.0          302.9      0.687        1800       213     0
1202       100.00     650.0          302.9      0.687        1800       213     0
1203       100.00     650.0          302.9      0.687        1800       213     0
1204       100.00     650.0          302.9      0.687        1800       213     0
1205       100.00     650.0          302.9      0.687        1800       213     0
1206       100.00     650.0          302.9      0.687        1800       213     0
1207       100.00     650.0          302.9      0.687        1800       213     0
1208       100.00     650.0          302.9      0.687        1800       213     0
1209       100.00     650.0          302.9      0.687        1800       213     0
1210       100.00     650.0          302.9      0.687        1800       213     0
1211       100.00     650.0          302.9      0.687        1800       213     0
1212       100.00     650.0          302.9      0.687        1800       213     0
1213       100.00     650.0          302.9      0.687        1800       213     0
1214       100.00     650.0          302.9      0.687        1800       213     0
1215       100.00     650.0          302.9      0.687        1800       213     0
1216       100.00     650.0          302.9      0.687        1800       213     0
1217       100.00     650.0          302.9      0.687        1800       213     0
1218       100.00     650.0          302.9      0.687        1800       213     0
1219       100.00     650.0          302.9      0.687        1800       213     0
1220       100.00     650.0          302.9      0.687        1800       213     0
1221       100.00     650.0          302.9      0.686        1800       213     0
1222       100.00     650.0          302.9      0.686        1800       213     0
1223       100.00     650.0          302.9      0.686        1800       213     0
1224       100.00     650.0          302.9      0.686        1800       213     0
1225       100.00     650.0          302.9      0.686        1800       213     0
1226       100.00     650.0          302.9      0.686        1800       213     0
1227       100.00     650.0          302.9      0.686        1800       213     0
1228       100.00     650.0          302.9      0.686        1800       213     0
1229       100.00     650.0          302.9      0.686        1800       213     0
1230       100.00     650.0          302.9      0.686        1800       213     0
1231       100.00     650.0          302.9      0.686        1800       213     0
1232       100.00     650.0          302.9      0.686        1800       213     0
1233       100.00     650.0          302.9      0.686        1800       213     0
1234       100.00     650.0          302.9      0.686        1800       213     0
1235       100.00     650.0          302.9      0.686        1800       213     0
1236       100.00     650.0          302.9      0.686        1800       213     0
1237       100.00     650.0          302.9      0.686        1800       213     0
1238       100.00     650.0          302.9      0.686        1800       213     0
1239       100.00     650.0          302.9      0.686        1800       213     0
1240       100.00     650.0          302.9      0.686        1800       213     0
1241       100.00     650.0          302.9      0.686        1800       213     0
1242       100.00     650.0          302.9      0.686        1800       213     0
1243       100.00     650.0          302.9      0.686        1800       213     0
1244       100.00     650.0          302.9      0.686        1800       213     0
1245       100.00     650.0          302.9      0.686        1800       213     0
1246       100.00     650.0          302.9      0.686        1800       213     0
1247       100.00     650.0          302.9      0.686        1800       213     0
1248       100.00     650.0          302.9      0.686        1800       213     0
1249       100.00     650.0          302.9      0.685        1800       213     0
1250       100.00     650.0          302.9      0.685        1800       213     0
1251       100.00     650.0          302.9      0.685        1800       213     0
1252       100.00     650.0          302.9      0.685        1800       213     0
1253       100.00     650.0          302.9      0.685        1800       213     0
1254       100.00     650.0          302.9      0.685        1800       213     0
1255       100.00     650.0          302.9      0.685        1800       213     0
1256       100.00     650.0          302.9      0.685        1800       213     0
1257       100.00     650.0          302.9      0.685        1800       213     0
1258       100.00     650.0          302.9      0.685        1800       213     0
1259       100.00     650.0          302.9      0.685        1800       213     0
1260       100.00     650.0          302.8      0.685        1800       213     0
1283       100.00     650.0          302.9      0.634        1800       213     20
1306       100.00     650.0          303.0      0.583        1799       213     40
1307       100.00     650.0          303.0      0.582        1799       213     40
1308       100.00     650.0          303.0      0.582        1799       213     40
1309       100.00     650.0          303.0      0.582        1799       213     40
1310       100.00     650.0          303.0      0.582        1799       213     40
1311       100.00     650.0          303.0      0.582        1799       213     40
1312       100.00     650.0          303.0      0.582        1799       213     40
1313       100.00     650.0          303.0      0.582        1799       213     40
1314       100.00     650.0          303.0      0.582        1799       213     40
1315       100.00     650.0          303.0      0.582        1799       213     40
1316       100.00     650.0          303.0      0.582        1799       213     40
1317       100.00     650.0          303.0      0.582        1799       213     40
1318       100.00     650.0          303.0      0.582        1799       213     40
1319       100.00     650.0          303.0      0.582        1799       213     40
1320       100.00     650.0          303.0      0.582        1799       213     40
1321       100.00     650.0          303.0      0.582        1799       213     40
1322       100.00     650.0          303.0      0.582        1799       213     40
1323       100.00     650.0          303.0      0.582        1799       213     40
1324       100.00     650.0          303.0      0.582        1799       213     40
1325       100.00     650.0          303.0      0.582        1799       213     40
1326       100.00     650.0          303.0      0.582        1799       213     40
1327       100.00     650.0          303.0      0.582        1799       213     40
1328       100.00     650.0          303.0      0.582        1799       213     40
1329       100.00     650.0          303.0      0.582        1799       213     40
1330       100.00     650.0          303.0      0.582        1799       213     40
1331       100.00     650.0          303.0      0.582        1799       213     40
1332       100.00     650.0          303.0      0.582        1799       213     40
1333       100.00     650.0          303.0      0.582        1799       213     40
1334       100.00     650.0          303.0      0.582        1799       213     40
1335       100.00     650.0          303.0      0.582        1799       213     40
1336       100.00     650.0          303.0      0.582        1799       213     40
1337       100.00     650.0          303.0      0.582        1799       213     40
1338       100.00     650.0          303.0      0.582        1799       213     40
1339       100.00     650.0          303.0      0.581        1799       213     40
1340       100.00     650.0          303.0      0.581        1799       213     40
1341       100.00     650.0          303.0      0.581        1799       213     40
1342       100.00     650.0          303.0      0.581        1799       213     40
1343       100.00     650.0          303.0      0.581        1799       213     40
1344       100.00     650.0          303.0      0.581        1799       213     40
1345       100.00     650.0          303.0      0.581        1799       213     40
1346       100.00     650.0          303.0      0.581        1799       213     40
1347       100.00     650.0          303.0      0.581        1799       213     40
1348       100.00     650.0          303.0      0.581        1799       213     40
1349       100.00     650.0          303.0      0.581        1799       213     40
1350       100.00     650.0          303.0      0.581        1799       213     40
1351       100.00     650.0          303.0      0.581        1799       213     40
1352       100.00     650.0          303.0      0.581        1799       213     40
1353       100.00     650.0          303.0      0.581        1799       213     40
1354       100.00     650.0          303.0      0.581        1799       213     40
1355       100.00     650.0          303.0      0.581        1799       213     40
1356       100.00     650.0          303.0      0.581        1799       213     40
1357       100.00     650.0          303.0      0.581        1799       213     40
1358       100.00     650.0          303.0      0.581        1799       213     40
1359       100.00     650.0          303.0      0.581        1799       213     40
1360       100.00     650.0          303.0      0.581        1799       213     40
1361       100.00     650.0          303.0      0.581        1799       213     40
1362       100.00     650.0          303.0      0.581        1799       213     40
1363       100.00     650.0          303.0      0.581        1799       213     40
1364       100.00     650.0          303.0      0.581        1799       213     40
1365       100.00     650.0          303.0      0.581        1799       213     40
1366       100.00     650.0          303.0      0.581        1799       213     40
1367       100.00     650.0          303.0      0.581        1799       213     40
1368       100.00     650.0          303.0      0.581        1799       213     40
1369       100.00     650.0          303.0      0.581        1799       213     40
1370       100.00     650.0          303.0      0.581        1799       213     40
1371       100.00     650.0          303.0      0.581        1799       213     40
1372       100.00     650.0          303.0      0.581        1799       213     40
1373       100.00     650.0          303.0      0.580        1799       213     40
1374       100.00     650.0          303.0      0.580        1799       213     40
1375       100.00     650.0          303.0      0.580        1799       213     40
1376       100.00     650.0          303.0      0.580        1799       213     40
1377       100.00     650.0          303.0      0.580        1799       213     40
1378       100.00     650.0          303.0      0.580        1799       213     40
1379       100.00     650.0          303.0      0.580        1799       213     40
1380       100.00     650.0          303.0      0.580        1799       213     40
1381       100.00     650.0          303.0      0.580        1799       213     40
1382       100.00     650.0          303.0      0.580        1799       213     40
1383       100.00     650.0          303.0      0.580        1799       213     40
1384       100.00     650.0          303.0      0.580        1799       213     40
1385       100.00     650.0          303.0      0.580        1799       213     40
1386       100.00     650.0          303.0      0.580        1799       213     40
1387       100.00     650.0          303.0      0.580        1799       213     40
1388       100.00     650.0          303.0      0.580        1799       213     40
1389       100.00     650.0          303.0      0.580        1799       213     40
1390       100.00     650.0          303.0      0.580        1799       213     40
1391       100.00     650.0          303.0      0.580        1799       213     40
1392       100.00     650.0          303.0      0.580        1799       213     40
1393       100.00     650.0          303.0      0.580        1799       213     40
1394       100.00     650.0          303.0      0.580        1799       213     40
1395       100.00     650.0          303.0      0.580        1799       213     40
1396       100.00     650.0          303.0      0.580        1799       213     40
1397       100.00     650.0          302.9      0.580        1799       213     40
1420       100.00     650.0          302.9      0.529        1799       213     60
1421       100.00     650.0          302.9      0.529        1799       213     60
1422       100.00     650.0          302.9      0.529        1799       213     60
1423       100.00     650.0          302.9      0.529        1799       213     60
1424       100.00     650.0          302.9      0.529        1799       213     60
1425       100.00     650.0          302.9      0.529        1799       213     60
1426       100.00     650.0          302.9      0.529        1799       213     60
1427       100.00     650.0          302.9      0.529        1799       213     60
1428       100.00     650.0          302.9      0.529        1799       213     60
1429       100.00     650.0          302.9      0.529        1799       213     60
1430       100.00     650.0          302.9      0.529        1799       213     60
1431       100.00     650.0          302.9      0.529        1799       213     60
1432       100.00     650.0          302.9      0.529        1799       213     60
1433       100.00     650.0          302.9      0.529        1799       213     60
1434       100.00     650.0          302.9      0.529        1799       213     60
1435       100.00     650.0          302.9      0.528        1799       213     60
1436       100.00     650.0          302.9      0.528        1799       213     60
1437       100.00     650.0          302.9      0.528        1799       213     60
1438       100.00     650.0          302.9      0.528        1799       213     60
1439       100.00     650.0          302.9      0.528        1799       213     60
1440       100.00     650.0          302.9      0.528        1799       213     60
