Tempo    Pot Rx    Pot Turbina     Tmed   Delta I  Cboro  Banco D  Volume de Água


1       4.92     32.0          292.3      0.000        1800       144     0
2       4.92     32.0          292.3      0.000        1800       144     0
3       4.92     32.0          292.3      0.000        1800       144     0
4       4.92     32.0          292.3      0.000        1800       144     0
5       4.92     32.0          292.3      0.000        1800       144     0
6       4.92     32.0          292.3      0.000        1800       144     0
7       4.92     32.0          292.3      0.000        1800       144     0
8       4.92     32.0          292.3      0.000        1800       144     0
9       4.92     32.0          292.3      0.000        1800       144     0
10       4.92     32.0          292.3      0.000        1800       144     0
11       5.22     34.0          292.3      0.000        1800       144     0
12       5.37     34.9          292.3      0.000        1800       144     0
13       5.53     36.0          292.3      0.000        1800       144     0
16       5.99     38.9          292.5      0.014        1800       145     0
17       6.14     39.9          292.5      0.016        1800       145     0
18       6.30     40.9          292.5      0.017        1800       145     0
19       6.45     41.9          292.5      0.019        1800       145     0
20       6.61     42.9          292.5      0.021        1800       145     0
21       6.76     44.0          292.5      0.023        1800       145     0
22       6.91     44.9          292.5      0.025        1800       145     0
25       7.38     48.0          292.8      0.042        1800       146     0
26       7.53     48.9          292.8      0.045        1800       146     0
27       7.68     49.9          292.8      0.047        1800       146     0
28       7.83     50.9          292.8      0.049        1800       146     0
29       7.99     51.9          292.8      0.052        1800       146     0
30       8.15     53.0          292.8      0.054        1800       146     0
31       8.30     53.9          292.8      0.056        1800       146     0
34       8.76     56.9          293.1      0.077        1800       147     0
35       8.92     58.0          293.1      0.079        1800       147     0
36       9.06     58.9          293.1      0.082        1800       147     0
37       9.22     59.9          293.1      0.085        1800       147     0
38       9.38     61.0          293.1      0.087        1800       147     0
39       9.53     61.9          293.1      0.090        1800       147     0
40       9.68     62.9          293.0      0.093        1800       147     0
43       10.14     65.9          293.3      0.116        1800       148     0
44       10.30     66.9          293.3      0.119        1800       148     0
45       10.46     68.0          293.3      0.122        1800       148     0
46       10.60     68.9          293.3      0.125        1800       148     0
47       10.76     69.9          293.3      0.128        1800       148     0
48       10.92     70.9          293.3      0.131        1800       148     0
49       11.07     72.0          293.3      0.135        1800       148     0
52       11.53     74.9          293.6      0.161        1800       149     0
57       12.29     79.9          293.6      0.178        1800       149     0
58       12.45     80.9          293.6      0.182        1800       149     0
61       12.91     84.0          293.8      0.211        1800       150     0
66       13.67     88.9          293.8      0.230        1800       150     0
71       14.44     94.0          293.8      0.249        1800       150     0
74       14.91     97.0          294.1      0.283        1800       151     0
79       15.67     102.0          294.0      0.304        1800       151     0
84       16.43     106.9          294.0      0.326        1800       151     0
87       16.91     110.0          294.3      0.364        1800       152     0
92       17.66     115.0          294.2      0.387        1800       152     0
97       18.43     120.0          294.2      0.411        1800       152     0
100       18.90     123.0          294.5      0.454        1800       153     0
105       19.66     128.0          294.4      0.479        1800       153     0
110       20.43     133.0          294.4      0.505        1800       153     0
113       20.90     136.0          294.7      0.552        1800       154     0
118       21.66     141.0          294.6      0.580        1800       154     0
121       22.13     144.0          294.9      0.629        1800       155     0
126       22.88     149.0          294.7      0.658        1800       155     0
129       23.36     152.0          295.0      0.710        1800       156     0
134       24.11     157.0          294.9      0.739        1800       156     0
139       24.88     162.0          294.9      0.770        1800       156     0
142       25.35     165.0          295.1      0.826        1800       157     0
147       26.11     170.0          295.1      0.857        1800       157     0
150       26.59     173.0          295.3      0.916        1800       158     0
155       27.33     178.0          295.3      0.948        1800       158     0
160       28.10     183.0          295.2      0.981        1800       158     0
163       28.58     186.1          295.5      1.044        1800       159     0
168       29.33     191.0          295.4      1.078        1800       159     0
171       29.80     194.0          295.6      1.144        1800       160     0
176       30.55     199.0          295.6      1.179        1800       160     0
179       31.04     202.0          295.8      1.246        1800       161     0
184       31.78     207.0          295.8      1.282        1800       161     0
187       32.27     210.1          296.0      1.352        1800       162     0
192       33.02     215.1          295.9      1.389        1800       162     0
197       33.78     220.1          295.8      1.426        1800       162     0
200       34.26     223.1          296.1      1.501        1800       163     0
203       34.73     226.1          296.3      1.576        1800       164     0
208       35.46     231.0          296.2      1.614        1800       164     0
213       36.23     236.0          296.2      1.653        1800       164     0
216       36.72     239.0          296.4      1.732        1800       165     0
221       37.47     244.1          296.3      1.771        1800       165     0
224       37.95     247.1          296.5      1.853        1800       166     0
229       38.70     252.1          296.5      1.893        1800       166     0
232       39.18     255.1          296.7      1.977        1800       167     0
237       39.92     260.1          296.6      2.018        1800       167     0
240       40.41     263.1          296.8      2.104        1800       168     0
245       41.15     268.1          296.7      2.145        1800       168     0
248       41.64     271.1          297.0      2.234        1800       169     0
253       42.38     276.1          296.8      2.276        1800       169     0
256       42.87     279.1          297.0      2.367        1800       170     0
259       43.33     282.1          297.2      2.458        1800       171     0
264       44.07     287.1          297.1      2.501        1800       171     0
267       44.56     290.1          297.3      2.595        1800       172     0
272       45.29     295.1          297.3      2.639        1800       172     0
275       45.79     298.1          297.5      2.735        1800       173     0
280       46.53     303.1          297.4      2.779        1800       173     0
283       47.02     306.1          297.6      2.877        1800       174     0
288       47.76     311.1          297.5      2.922        1800       174     0
291       48.25     314.1          297.7      3.023        1800       175     0
296       48.99     319.1          297.6      3.068        1800       175     0
299       49.48     322.1          297.8      3.171        1800       176     0
304       50.22     327.1          297.8      3.217        1800       176     0
307       50.72     330.1          298.0      3.322        1800       177     0
312       51.46     335.1          297.9      3.368        1800       177     0
315       51.94     338.1          298.1      3.475        1800       178     0
320       52.68     343.1          298.0      3.522        1800       178     0
323       53.17     346.1          298.2      3.631        1800       179     0
328       53.91     351.1          298.1      3.679        1800       179     0
331       54.41     354.1          298.3      3.790        1800       180     0
332       54.60     355.1          298.3      3.799        1800       180     0
333       54.76     356.1          298.3      3.809        1800       180     0
334       54.91     357.1          298.3      3.818        1800       180     0
337       55.34     360.1          298.5      3.931        1800       181     0
342       56.07     365.1          298.4      3.979        1800       181     0
343       56.29     366.1          298.4      3.989        1800       181     0
346       56.72     369.1          298.6      4.104        1800       182     0
347       56.91     370.2          298.6      4.114        1800       182     0
348       57.07     371.2          298.5      4.123        1800       182     0
349       57.21     372.1          298.5      4.132        1800       182     0
350       57.37     373.1          298.5      4.142        1800       182     0
351       57.53     374.1          298.5      4.151        1800       182     0
352       57.68     375.1          298.5      4.161        1800       182     0
355       58.11     378.1          298.7      4.279        1800       183     0
356       58.29     379.1          298.7      4.288        1800       183     0
357       58.45     380.1          298.6      4.298        1800       183     0
358       58.60     381.1          298.6      4.307        1800       183     0
359       58.76     382.2          298.6      4.317        1800       183     0
360       58.91     383.2          298.6      4.326        1800       183     0
363       59.34     386.2          298.8      4.446        1800       184     0
364       59.53     387.2          298.8      4.456        1800       184     0
365       59.68     388.2          298.8      4.465        1800       184     0
366       59.84     389.2          298.7      4.475        1800       184     0
367       59.99     390.1          298.7      4.484        1800       184     0
368       60.14     391.1          298.7      4.494        1800       184     0
369       60.30     392.1          298.7      4.504        1800       184     0
372       60.72     395.1          298.9      4.626        1800       185     0
373       60.91     396.1          298.9      4.635        1800       185     0
374       61.07     397.1          298.9      4.645        1800       185     0
375       61.22     398.2          298.8      4.655        1800       185     0
376       61.38     399.2          298.8      4.664        1800       185     0
377       61.53     400.2          298.8      4.674        1800       185     0
378       61.68     401.1          298.7      4.684        1800       185     0
401       64.91     424.2          298.4      4.839        1799       185     40
424       68.43     447.2          298.2      4.994        1799       185     80
491       78.18     514.2          298.1      5.138        1795       185     366
558       88.54     581.3          298.1      5.191        1791       185     671
627       99.17     581.3          298.7      5.214        1786       186     1029
696       99.87     581.3          299.7      5.086        1781       187     1406
767       99.92     581.3          301.4      5.159        1776       190     1803
838       99.93     581.3          302.8      5.358        1771       193     2124
883       99.97     581.3          302.8      5.471        1770       193     2202
906       99.97     581.3          302.9      5.490        1770       193     2255
931       99.97     581.3          302.6      5.371        1769       192     2308
976       99.97     581.3          302.7      5.385        1768       192     2410
1021       99.97     581.3          302.8      5.431        1766       192     2491
1044       99.98     581.3          302.9      5.418        1766       192     2545
1067       99.98     581.3          302.9      5.399        1765       192     2600
1090       99.98     581.3          303.0      5.375        1764       192     2655
1113       99.98     581.3          303.1      5.347        1764       192     2710
1136       99.98     581.3          303.2      5.314        1763       192     2765
1159       99.98     581.3          303.3      5.277        1762       192     2821
1160       99.99     649.9          303.3      5.282        1762       192     2821
1161       99.98     649.9          303.3      5.286        1762       192     2821
1162       99.98     649.9          303.3      5.290        1762       192     2821
1163       99.99     649.9          303.3      5.294        1762       192     2821
1164       99.98     649.9          303.3      5.298        1762       192     2821
1165       99.99     649.9          303.3      5.302        1762       192     2821
1166       99.98     649.9          303.3      5.306        1762       192     2821
1167       99.98     649.9          303.3      5.310        1762       192     2821
1168       99.99     649.9          303.3      5.314        1762       192     2821
1169       99.98     649.9          303.3      5.318        1762       192     2821
1170       99.99     649.9          303.3      5.322        1762       192     2821
1171       99.98     649.9          303.3      5.326        1762       192     2821
1172       99.99     649.9          303.3      5.330        1762       192     2821
1173       99.98     649.9          303.3      5.334        1762       192     2821
1174       99.98     649.9          303.3      5.338        1762       192     2821
1175       99.99     649.9          303.3      5.342        1762       192     2821
1176       99.98     649.9          303.3      5.346        1762       192     2821
1177       99.99     649.9          303.3      5.350        1762       192     2821
1178       99.98     649.9          303.3      5.354        1762       192     2821
1179       99.99     649.9          303.3      5.358        1762       192     2821
1180       99.98     649.9          303.3      5.362        1762       192     2821
1181       99.98     649.9          303.3      5.365        1762       192     2821
1182       99.99     649.9          303.3      5.369        1762       192     2821
1183       99.98     649.9          303.3      5.373        1762       192     2821
1184       99.99     649.9          303.3      5.377        1762       192     2821
1185       99.98     649.9          303.3      5.381        1762       192     2821
1186       99.99     649.9          303.3      5.385        1762       192     2821
1187       99.98     649.9          303.3      5.389        1762       192     2821
1188       99.98     649.9          303.1      5.393        1762       192     2821
1211       99.98     649.9          303.3      5.347        1761       192     2877
1234       99.98     649.9          303.4      5.297        1761       192     2934
1235       99.98     649.9          303.4      5.301        1761       192     2934
1236       99.99     649.9          303.4      5.305        1761       192     2934
1237       99.98     649.9          303.4      5.308        1761       192     2934
1238       99.99     649.9          303.4      5.312        1761       192     2934
1239       99.98     649.9          303.4      5.315        1761       192     2934
1240       99.99     649.9          303.4      5.319        1761       192     2934
1241       99.98     649.9          303.4      5.323        1761       192     2934
1242       99.99     649.9          303.4      5.326        1761       192     2934
1243       99.98     649.9          303.4      5.330        1761       192     2934
1244       99.99     649.9          303.4      5.333        1761       192     2934
1245       99.98     649.9          303.4      5.337        1761       192     2934
1246       99.99     649.9          303.4      5.340        1761       192     2934
1247       99.98     649.9          303.4      5.344        1761       192     2934
1248       99.99     649.9          303.4      5.347        1761       192     2934
1249       99.98     649.9          303.4      5.351        1761       192     2934
1250       99.99     649.9          303.4      5.354        1761       192     2934
1251       99.98     649.9          303.3      5.358        1761       192     2934
1252       99.99     649.9          303.3      5.361        1761       192     2934
1253       99.98     649.9          303.3      5.364        1761       192     2934
1254       99.99     649.9          303.3      5.368        1761       192     2934
1255       99.98     649.9          303.3      5.371        1761       192     2934
1256       99.99     649.9          303.3      5.375        1761       192     2934
1257       99.98     649.9          303.3      5.378        1761       192     2934
1258       99.99     649.9          303.3      5.382        1761       192     2934
1259       99.98     649.9          303.3      5.385        1761       192     2934
1260       99.99     649.9          303.3      5.389        1761       192     2934
1261       99.98     649.9          303.3      5.392        1761       192     2934
1262       99.99     649.9          303.3      5.395        1761       192     2934
1263       99.98     649.9          303.3      5.399        1761       192     2934
1264       99.99     649.9          303.3      5.402        1761       192     2934
1265       99.98     649.9          303.3      5.406        1761       192     2934
1266       99.99     649.9          303.3      5.409        1761       192     2934
1267       99.98     649.9          303.3      5.412        1761       192     2934
1268       99.99     649.9          303.3      5.416        1761       192     2934
1269       99.98     649.9          303.3      5.419        1761       192     2934
1270       99.99     649.9          303.3      5.422        1761       192     2934
1271       99.98     649.9          303.3      5.426        1761       192     2934
1272       99.99     649.9          303.3      5.429        1761       192     2934
1273       99.98     649.9          303.3      5.432        1761       192     2934
1274       99.99     649.9          303.3      5.436        1761       192     2934
1275       99.98     649.9          303.3      5.439        1761       192     2934
1276       99.99     649.9          303.3      5.442        1761       192     2934
1277       99.98     649.9          303.3      5.446        1761       192     2934
1278       99.99     649.9          303.3      5.449        1761       192     2934
1279       99.99     649.9          303.3      5.452        1761       192     2934
1280       99.98     649.9          303.3      5.456        1761       192     2934
1281       99.99     649.9          303.3      5.459        1761       192     2934
1282       99.98     649.9          303.3      5.462        1761       192     2934
1283       99.99     649.9          303.3      5.466        1761       192     2934
1284       99.98     649.9          303.3      5.469        1761       192     2934
1285       99.99     649.9          303.3      5.472        1761       192     2934
1286       99.98     649.9          303.3      5.475        1761       192     2934
1287       99.99     649.9          303.3      5.479        1761       192     2934
1288       99.98     649.9          303.3      5.482        1761       192     2934
1289       99.99     649.9          303.2      5.485        1761       192     2934
1290       99.98     649.9          303.2      5.488        1761       192     2934
1291       99.99     649.9          303.2      5.492        1761       192     2934
1292       99.98     649.9          303.2      5.495        1761       192     2934
1293       99.99     649.9          303.2      5.498        1761       192     2934
1294       99.98     649.9          303.2      5.501        1761       192     2934
1317       99.98     649.9          303.4      5.440        1760       192     2991
1318       99.99     649.9          303.4      5.444        1760       192     2991
1319       99.98     649.9          303.4      5.447        1760       192     2991
1320       99.99     649.9          303.4      5.450        1760       192     2991
1321       99.98     649.9          303.4      5.453        1760       192     2991
1322       99.99     649.9          303.4      5.456        1760       192     2991
1323       99.98     649.9          303.4      5.459        1760       192     2991
1324       99.99     649.9          303.4      5.462        1760       192     2991
1325       99.98     649.9          303.4      5.465        1760       192     2991
1326       99.99     649.9          303.3      5.468        1760       192     2991
1327       99.99     649.9          303.3      5.471        1760       192     2991
1328       99.98     649.9          303.3      5.474        1760       192     2991
1329       99.99     649.9          303.3      5.477        1760       192     2991
1330       99.98     649.9          303.2      5.480        1760       192     2991
1353       99.99     649.9          303.4      5.414        1759       192     3048
1354       99.98     649.9          303.4      5.418        1759       192     3048
1355       99.99     649.9          303.4      5.421        1759       192     3048
1356       99.98     649.9          303.4      5.423        1759       192     3048
1357       99.99     649.9          303.4      5.426        1759       192     3048
1358       99.98     649.9          303.4      5.429        1759       192     3048
1359       99.99     649.9          303.4      5.432        1759       192     3048
1360       99.99     649.9          303.4      5.435        1759       192     3048
1361       99.98     649.9          303.4      5.438        1759       192     3048
1362       99.99     649.9          303.4      5.441        1759       192     3048
1363       99.98     649.9          303.4      5.444        1759       192     3048
1364       99.99     649.9          303.4      5.447        1759       192     3048
1365       99.99     649.9          303.4      5.449        1759       192     3048
1366       99.98     649.9          303.4      5.452        1759       192     3048
1367       99.99     649.9          303.3      5.455        1759       192     3048
1368       99.98     649.9          303.3      5.458        1759       192     3048
1369       99.99     649.9          303.3      5.461        1759       192     3048
1370       99.98     649.9          303.3      5.464        1759       192     3048
1371       99.99     649.9          303.3      5.466        1759       192     3048
1372       99.99     649.9          303.3      5.469        1759       192     3048
1373       99.98     649.9          303.3      5.472        1759       192     3048
1374       99.99     649.9          303.3      5.475        1759       192     3048
1375       99.98     649.9          303.3      5.478        1759       192     3048
1376       99.99     649.9          303.3      5.481        1759       192     3048
1377       99.99     649.9          303.3      5.483        1759       192     3048
1378       99.98     649.9          303.3      5.486        1759       192     3048
1379       99.99     649.9          303.3      5.489        1759       192     3048
1380       99.98     649.9          303.3      5.492        1759       192     3048
1381       99.99     649.9          303.3      5.494        1759       192     3048
1382       99.99     649.9          303.3      5.497        1759       192     3048
1383       99.98     649.9          303.3      5.500        1759       192     3048
1406       99.98     649.9          303.5      5.428        1758       192     3105
1407       99.99     649.9          303.5      5.431        1758       192     3105
1408       99.99     649.9          303.5      5.433        1758       192     3105
1409       99.98     649.9          303.5      5.436        1758       192     3105
1410       99.99     649.9          303.5      5.439        1758       192     3105
1411       99.98     649.9          303.4      5.441        1758       192     3105
1412       99.99     649.9          303.4      5.444        1758       192     3105
1413       99.99     649.9          303.4      5.446        1758       192     3105
1414       99.98     649.9          303.4      5.449        1758       192     3105
1415       99.99     649.9          303.4      5.452        1758       192     3105
1416       99.99     649.9          303.4      5.454        1758       192     3105
1417       99.98     649.9          303.4      5.457        1758       192     3105
1418       99.99     649.9          303.4      5.460        1758       192     3105
1419       99.98     649.9          303.4      5.462        1758       192     3105
1420       99.99     649.9          303.4      5.465        1758       192     3105
1421       99.99     649.9          303.4      5.467        1758       192     3105
1422       99.98     649.9          303.4      5.470        1758       192     3105
1423       99.99     649.9          303.4      5.473        1758       192     3105
1424       99.99     649.9          303.4      5.475        1758       192     3105
1425       99.98     649.9          303.4      5.478        1758       192     3105
1426       99.99     649.9          303.4      5.480        1758       192     3105
1427       99.98     649.9          303.4      5.483        1758       192     3105
1428       99.99     649.9          303.4      5.486        1758       192     3105
1429       99.99     649.9          303.4      5.488        1758       192     3105
1430       99.98     649.9          303.4      5.491        1758       192     3105
1431       99.99     649.9          303.4      5.493        1758       192     3105
1432       99.99     649.9          303.4      5.496        1758       192     3105
1433       99.98     649.9          303.4      5.498        1758       192     3105
1434       99.99     649.9          303.4      5.501        1758       192     3105
